# This is a final TEA output file with calculated abundances (mixing fractions) for all listed species.
# Units: pressure (bar), temperature (K), abundance (unitless).

#SPECIES
H_g C_g O_g H2_ref CO_g CH_g OH_g 

#TEADATA
#Pressure   Temp     H_g        C_g        O_g        H2_ref     CO_g       CH_g       OH_g       
1.0000e-05  500.00 1.6750e-15 7.1717e-82 5.9208e-19 9.9902e-01 5.3790e-04 1.0254e-73 4.4092e-04 
1.1768e-05  535.35 6.5978e-17 1.6087e-78 7.5519e-20 9.9902e-01 5.3790e-04 3.4842e-71 4.4092e-04 
1.3849e-05  570.71 1.2959e-15 2.6311e-73 1.3322e-18 9.9902e-01 5.3790e-04 1.0955e-66 4.4092e-04 
1.6298e-05  606.06 1.7839e-14 1.0476e-68 1.6678e-17 9.9902e-01 5.3790e-04 1.0245e-62 4.4092e-04 
1.9179e-05  641.41 1.8265e-13 1.2863e-64 1.5694e-16 9.9902e-01 5.3790e-04 3.4919e-59 4.4092e-04 
2.2570e-05  676.77 1.4577e-12 5.8704e-61 1.1612e-15 9.9902e-01 5.3790e-04 5.0910e-56 4.4092e-04 
2.6561e-05  712.12 9.3997e-12 1.1488e-57 6.9943e-15 9.9902e-01 5.3790e-04 3.5900e-53 4.4092e-04 
3.1257e-05  747.47 5.0501e-11 1.0897e-54 3.5327e-14 9.9902e-01 5.3790e-04 1.3603e-50 4.4092e-04 
3.6784e-05  782.83 2.3181e-10 5.5369e-52 1.5328e-13 9.9902e-01 5.3790e-04 3.0178e-48 4.4092e-04 
4.3288e-05  818.18 9.2697e-10 1.6291e-49 5.8221e-13 9.9902e-01 5.3790e-04 4.1912e-46 4.4092e-04 
5.0941e-05  853.54 3.2876e-09 2.9801e-47 1.9695e-12 9.9902e-01 5.3790e-04 3.8734e-44 4.4092e-04 
5.9948e-05  888.89 1.0482e-08 3.5767e-45 6.0117e-12 9.9902e-01 5.3790e-04 2.4946e-42 4.4092e-04 
7.0548e-05  924.24 3.0423e-08 2.9602e-43 1.6759e-11 9.9902e-01 5.3790e-04 1.1684e-40 4.4092e-04 
8.3022e-05  959.60 8.1242e-08 1.7622e-41 4.3110e-11 9.9902e-01 5.3790e-04 4.1267e-39 4.4092e-04 
9.7701e-05  994.95 2.0127e-07 7.7971e-40 1.0314e-10 9.9902e-01 5.3790e-04 1.1304e-37 4.4092e-04 
1.1498e-04 1030.30 4.6626e-07 2.6467e-38 2.3131e-10 9.9902e-01 5.3790e-04 2.4678e-36 4.4092e-04 
1.3530e-04 1065.66 1.0171e-06 7.0835e-37 4.8947e-10 9.9902e-01 5.3790e-04 4.3950e-35 4.4092e-04 
1.5923e-04 1101.01 2.1002e-06 1.5263e-35 9.8226e-10 9.9902e-01 5.3790e-04 6.5018e-34 4.4091e-04 
1.8738e-04 1136.36 4.1272e-06 2.7047e-34 1.8792e-09 9.9902e-01 5.3790e-04 8.1355e-33 4.4091e-04 
2.2051e-04 1171.72 7.7545e-06 4.0147e-33 3.4427e-09 9.9901e-01 5.3790e-04 8.7475e-32 4.4091e-04 
2.5950e-04 1207.07 1.3980e-05 5.0623e-32 6.0604e-09 9.9901e-01 5.3789e-04 8.1800e-31 4.4091e-04 
3.0539e-04 1242.42 2.4271e-05 5.5026e-31 1.0288e-08 9.9900e-01 5.3789e-04 6.7368e-30 4.4090e-04 
3.5938e-04 1277.78 4.0717e-05 5.2234e-30 1.6894e-08 9.9898e-01 5.3789e-04 4.9408e-29 4.4089e-04 
4.2292e-04 1313.13 6.6161e-05 4.3722e-29 2.6903e-08 9.9896e-01 5.3788e-04 3.2537e-28 4.4087e-04 
4.9770e-04 1348.48 1.0440e-04 3.2610e-28 4.1647e-08 9.9892e-01 5.3787e-04 1.9414e-27 4.4085e-04 
5.8570e-04 1383.84 1.6038e-04 2.1877e-27 6.2819e-08 9.9886e-01 5.3786e-04 1.0580e-26 4.4082e-04 
6.8926e-04 1419.19 2.4024e-04 1.3292e-26 9.2481e-08 9.9878e-01 5.3783e-04 5.2966e-26 4.4077e-04 
8.1113e-04 1454.55 3.5165e-04 7.3738e-26 1.3314e-07 9.9867e-01 5.3780e-04 2.4534e-25 4.4071e-04 
9.5455e-04 1489.90 5.0365e-04 3.7557e-25 1.8771e-07 9.9852e-01 5.3776e-04 1.0563e-24 4.4062e-04 
1.1233e-03 1525.25 7.0701e-04 1.7676e-24 2.5955e-07 9.9831e-01 5.3771e-04 4.2508e-24 4.4050e-04 
1.3219e-03 1560.61 9.7412e-04 7.7312e-24 3.5246e-07 9.9805e-01 5.3764e-04 1.6067e-23 4.4035e-04 
1.5557e-03 1595.96 1.3186e-03 3.1553e-23 4.7053e-07 9.9770e-01 5.3754e-04 5.7242e-23 4.4015e-04 
1.8307e-03 1631.31 1.7559e-03 1.2076e-22 6.1828e-07 9.9727e-01 5.3743e-04 1.9302e-22 4.3991e-04 
2.1544e-03 1666.67 2.3027e-03 4.3528e-22 8.0048e-07 9.9672e-01 5.3728e-04 6.1837e-22 4.3961e-04 
2.5354e-03 1702.02 2.9760e-03 1.4823e-21 1.0219e-06 9.9605e-01 5.3710e-04 1.8871e-21 4.3924e-04 
2.9836e-03 1737.37 3.7943e-03 4.7870e-21 1.2874e-06 9.9523e-01 5.3688e-04 5.5033e-21 4.3879e-04 
3.5112e-03 1772.73 4.7763e-03 1.4712e-20 1.6022e-06 9.9425e-01 5.3661e-04 1.5384e-20 4.3826e-04 
4.1320e-03 1808.08 5.9398e-03 4.3126e-20 1.9705e-06 9.9308e-01 5.3630e-04 4.1299e-20 4.3764e-04 
4.8626e-03 1843.43 7.3027e-03 1.2095e-19 2.3968e-06 9.9172e-01 5.3593e-04 1.0675e-19 4.3691e-04 
5.7224e-03 1878.79 8.8827e-03 3.2541e-19 2.8852e-06 9.9014e-01 5.3551e-04 2.6631e-19 4.3607e-04 
6.7342e-03 1914.14 1.0694e-02 8.4142e-19 3.4387e-06 9.8833e-01 5.3502e-04 6.4216e-19 4.3512e-04 
7.9248e-03 1949.49 1.2750e-02 2.0960e-18 4.0601e-06 9.8628e-01 5.3447e-04 1.4998e-18 4.3404e-04 
9.3260e-03 1984.85 1.5064e-02 5.0415e-18 4.7516e-06 9.8396e-01 5.3385e-04 3.3992e-18 4.3284e-04 
1.0975e-02 2020.20 1.7642e-02 1.1724e-17 5.5136e-06 9.8139e-01 5.3315e-04 7.4848e-18 4.3151e-04 
1.2915e-02 2055.56 2.0492e-02 2.6419e-17 6.3473e-06 9.7854e-01 5.3239e-04 1.6042e-17 4.3005e-04 
1.5199e-02 2090.91 2.3613e-02 5.7749e-17 7.2506e-06 9.7542e-01 5.3155e-04 3.3500e-17 4.2846e-04 
1.7886e-02 2126.26 2.7006e-02 1.2267e-16 8.2227e-06 9.7203e-01 5.3063e-04 6.8260e-17 4.2674e-04 
2.1049e-02 2161.62 3.0668e-02 2.5365e-16 9.2610e-06 9.6837e-01 5.2965e-04 1.3591e-16 4.2489e-04 
2.4771e-02 2196.97 3.4589e-02 5.1092e-16 1.0361e-05 9.6445e-01 5.2859e-04 2.6459e-16 4.2293e-04 
2.9151e-02 2232.32 3.8758e-02 1.0041e-15 1.1520e-05 9.6028e-01 5.2747e-04 5.0435e-16 4.2085e-04 
3.4305e-02 2267.68 4.3165e-02 1.9277e-15 1.2732e-05 9.5588e-01 5.2629e-04 9.4231e-16 4.1866e-04 
4.0370e-02 2303.03 4.7786e-02 3.6181e-15 1.3991e-05 9.5126e-01 5.2504e-04 1.7267e-15 4.1639e-04 
4.7508e-02 2338.38 5.2604e-02 6.6467e-15 1.5291e-05 9.4644e-01 5.2375e-04 3.1065e-15 4.1402e-04 
5.5908e-02 2373.74 5.7599e-02 1.1965e-14 1.6626e-05 9.4145e-01 5.2240e-04 5.4924e-15 4.1159e-04 
6.5793e-02 2409.09 6.2741e-02 2.1118e-14 1.7987e-05 9.3631e-01 5.2102e-04 9.5478e-15 4.0909e-04 
7.7426e-02 2444.44 6.8007e-02 3.6581e-14 1.9368e-05 9.3105e-01 5.1960e-04 1.6334e-14 4.0655e-04 
9.1116e-02 2479.80 7.3372e-02 6.2250e-14 2.0761e-05 9.2568e-01 5.1816e-04 2.7521e-14 4.0397e-04 
1.0723e-01 2515.15 7.8802e-02 1.0411e-13 2.2158e-05 9.2026e-01 5.1670e-04 4.5687e-14 4.0138e-04 
1.2619e-01 2550.51 8.4274e-02 1.7130e-13 2.3552e-05 9.1479e-01 5.1523e-04 7.4796e-14 3.9878e-04 
1.4850e-01 2585.86 8.9755e-02 2.7739e-13 2.4936e-05 9.0931e-01 5.1375e-04 1.2079e-13 3.9619e-04 
1.7475e-01 2621.21 9.5218e-02 4.4246e-13 2.6302e-05 9.0385e-01 5.1228e-04 1.9258e-13 3.9362e-04 
2.0565e-01 2656.57 1.0064e-01 6.9564e-13 2.7644e-05 8.9843e-01 5.1083e-04 3.0327e-13 3.9108e-04 
2.4201e-01 2691.92 1.0598e-01 1.0784e-12 2.8955e-05 8.9309e-01 5.0939e-04 4.7189e-13 3.8859e-04 
2.8480e-01 2727.27 1.1122e-01 1.6494e-12 3.0228e-05 8.8785e-01 5.0798e-04 7.2592e-13 3.8616e-04 
3.3516e-01 2762.63 1.1634e-01 2.4907e-12 3.1460e-05 8.8273e-01 5.0660e-04 1.1046e-12 3.8380e-04 
3.9442e-01 2797.98 1.2132e-01 3.7142e-12 3.2644e-05 8.7776e-01 5.0526e-04 1.6631e-12 3.8152e-04 
4.6416e-01 2833.33 1.2612e-01 5.4730e-12 3.3776e-05 8.7296e-01 5.0397e-04 2.4788e-12 3.7933e-04 
5.4623e-01 2868.69 1.3074e-01 7.9734e-12 3.4852e-05 8.6834e-01 5.0273e-04 3.6590e-12 3.7723e-04 
6.4281e-01 2904.04 1.3515e-01 1.1487e-11 3.5869e-05 8.6393e-01 5.0154e-04 5.3501e-12 3.7524e-04 
7.5646e-01 2939.39 1.3934e-01 1.6372e-11 3.6822e-05 8.5974e-01 5.0041e-04 7.7526e-12 3.7337e-04 
8.9022e-01 2974.75 1.4330e-01 2.3098e-11 3.7712e-05 8.5579e-01 4.9935e-04 1.1138e-11 3.7160e-04 
1.0476e+00 3010.10 1.4701e-01 3.2261e-11 3.8534e-05 8.5208e-01 4.9835e-04 1.5865e-11 3.6996e-04 
1.2328e+00 3045.45 1.5047e-01 4.4628e-11 3.9286e-05 8.4863e-01 4.9742e-04 2.2417e-11 3.6845e-04 
1.4508e+00 3080.81 1.5366e-01 6.1168e-11 3.9969e-05 8.4544e-01 4.9656e-04 3.1431e-11 3.6706e-04 
1.7074e+00 3116.16 1.5657e-01 8.3078e-11 4.0580e-05 8.4253e-01 4.9578e-04 4.3735e-11 3.6581e-04 
2.0092e+00 3151.52 1.5921e-01 1.1188e-10 4.1121e-05 8.3989e-01 4.9507e-04 6.0418e-11 3.6469e-04 
2.3645e+00 3186.87 1.6156e-01 1.4938e-10 4.1589e-05 8.3754e-01 4.9444e-04 8.2874e-11 3.6370e-04 
2.7826e+00 3222.22 1.6363e-01 1.9783e-10 4.1986e-05 8.3547e-01 4.9388e-04 1.1291e-10 3.6285e-04 
3.2745e+00 3257.58 1.6543e-01 2.5999e-10 4.2314e-05 8.3368e-01 4.9340e-04 1.5283e-10 3.6212e-04 
3.8535e+00 3292.93 1.6693e-01 3.3904e-10 4.2570e-05 8.3217e-01 4.9299e-04 2.0554e-10 3.6154e-04 
4.5349e+00 3328.28 1.6816e-01 4.3888e-10 4.2758e-05 8.3095e-01 4.9266e-04 2.7474e-10 3.6108e-04 
5.3367e+00 3363.64 1.6911e-01 5.6413e-10 4.2880e-05 8.3000e-01 4.9240e-04 3.6508e-10 3.6075e-04 
6.2803e+00 3398.99 1.6979e-01 7.2007e-10 4.2935e-05 8.2932e-01 4.9222e-04 4.8232e-10 3.6054e-04 
7.3907e+00 3434.34 1.7020e-01 9.1298e-10 4.2926e-05 8.2891e-01 4.9211e-04 6.3366e-10 3.6046e-04 
8.6975e+00 3469.70 1.7035e-01 1.1502e-09 4.2856e-05 8.2876e-01 4.9207e-04 8.2806e-10 3.6050e-04 
1.0235e+01 3505.05 1.7025e-01 1.4398e-09 4.2726e-05 8.2886e-01 4.9210e-04 1.0764e-09 3.6065e-04 
1.2045e+01 3540.40 1.6989e-01 1.7913e-09 4.2537e-05 8.2921e-01 4.9219e-04 1.3921e-09 3.6092e-04 
1.4175e+01 3575.76 1.6931e-01 2.2156e-09 4.2294e-05 8.2980e-01 4.9235e-04 1.7916e-09 3.6129e-04 
1.6681e+01 3611.11 1.6849e-01 2.7246e-09 4.1997e-05 8.3061e-01 4.9257e-04 2.2946e-09 3.6177e-04 
1.9630e+01 3646.46 1.6746e-01 3.3318e-09 4.1651e-05 8.3164e-01 4.9284e-04 2.9253e-09 3.6234e-04 
2.3101e+01 3681.82 1.6622e-01 4.0526e-09 4.1257e-05 8.3288e-01 4.9317e-04 3.7128e-09 3.6301e-04 
2.7186e+01 3717.17 1.6478e-01 4.9030e-09 4.0818e-05 8.3432e-01 4.9356e-04 4.6912e-09 3.6377e-04 
3.1993e+01 3752.53 1.6315e-01 5.9021e-09 4.0336e-05 8.3595e-01 4.9400e-04 5.9027e-09 3.6461e-04 
3.7649e+01 3787.88 1.6135e-01 7.0692e-09 3.9815e-05 8.3775e-01 4.9448e-04 7.3959e-09 3.6554e-04 
4.4306e+01 3823.23 1.5937e-01 8.4260e-09 3.9257e-05 8.3973e-01 4.9501e-04 9.2293e-09 3.6653e-04 
5.2140e+01 3858.59 1.5724e-01 9.9969e-09 3.8664e-05 8.4186e-01 4.9558e-04 1.1473e-08 3.6760e-04 
6.1359e+01 3893.94 1.5497e-01 1.1806e-08 3.8040e-05 8.4413e-01 4.9618e-04 1.4206e-08 3.6873e-04 
7.2208e+01 3929.29 1.5256e-01 1.3880e-08 3.7387e-05 8.4654e-01 4.9683e-04 1.7526e-08 3.6992e-04 
8.4975e+01 3964.65 1.5003e-01 1.6250e-08 3.6708e-05 8.4907e-01 4.9750e-04 2.1544e-08 3.7116e-04 
1.0000e+02 4000.00 1.4738e-01 1.8942e-08 3.6005e-05 8.5171e-01 4.9821e-04 2.6388e-08 3.7246e-04 
